8274
8277
8280
8283
8286
12654
12657
12660
12663
12666
15704
15707
15710
15713
15716
21444
21447
21450
21453
21456
28964
28967
28970
28973
28976
30934
30937
30940
30943
30946
37294
37297
37300
37303
37306
42584
42587
42590
42593
42596
44854
44857
44860
44863
44866
48074
48077
48080
48083
48086
50324
50327
50330
50333
50336
71884
71887
71890
71893
71896
81994
81997
82000
82003
82006
96344
96347
96350
96353
96356
107314
107317
107320
107323
107326
121974
121977
121980
121983
121986
178224
178227
178230
178233
178236
200304
200307
200310
200313
200316
230914
230917
230920
230923
230926
256344
256347
256350
256353
256356